reward: 0.0038, Epoch: 516, params: 1995073, epoch_time: 2.7239, genotype: [[2, [1, 0, 7, 7], [1, 2, 3, 2], [7, 7, 8, 8]], [[1, 0], [0, 2], [2, 5]]]
reward: 0.0019, Epoch: 151, params: 2311873, epoch_time: 3.0982, genotype: [[6, [0, 1, 2, 3], [4, 1, 3, 0], [5, 2, 6, 1]], [[1, 3], [2, 0], [3, 5]]]
reward: 0.1444, Epoch: 116, params: 2085793, epoch_time: 27.7913, genotype: [[4, [1, 1, 2, 8], [3, 3, 3, 9], [1, 5, 6, 8]], [[2, 2], [2, 3], [3, 0]]]
reward: 0.1455, Epoch: 150, params: 2186881, epoch_time: 6.8284, genotype: [[4, [1, 1, 6, 9], [1, 1, 8, 7], [7, 1, 6, 8]], [[1, 2], [2, 3], [2, 4]]]
reward: 0.1630, Epoch: 670, params: 2095585, epoch_time: 2.8670, genotype: [[3, [1, 1, 4, 2], [0, 2, 2, 1], [4, 4, 0, 8]], [[1, 3], [2, 0], [3, 3]]]
reward: 0.2595, Epoch: 3650, params: 2174785, epoch_time: 3.1443, genotype: [[3, [1, 1, 6, 1], [0, 2, 2, 9], [3, 0, 3, 9]], [[1, 1], [1, 2], [2, 2]]]
reward: 0.2978, Epoch: 2932, params: 2175073, epoch_time: 3.6690, genotype: [[4, [0, 0, 7, 9], [0, 2, 5, 1], [4, 6, 0, 7]], [[1, 1], [1, 1], [5, 3]]]
reward: 0.2520, Epoch: 3273, params: 2172193, epoch_time: 3.1918, genotype: [[1, [0, 1, 3, 8], [0, 3, 6, 10], [2, 0, 0, 9]], [[1, 3], [3, 1], [3, 1]]]
reward: 0.3777, Epoch: 474, params: 2170177, epoch_time: 17.4807, genotype: [[9, [1, 0, 1, 1], [3, 3, 0, 0], [7, 6, 4, 2]], [[3, 3], [3, 4], [5, 5]]]
reward: 0.3561, Epoch: 823, params: 2073985, epoch_time: 13.7779, genotype: [[7, [1, 0, 5, 4], [3, 3, 8, 9], [4, 1, 0, 2]], [[3, 2], [3, 2], [3, 1]]]
reward: 0.3689, Epoch: 3162, params: 2376673, epoch_time: 5.5331, genotype: [[1, [1, 1, 1, 10], [0, 2, 5, 6], [7, 5, 10, 4]], [[1, 1], [3, 1], [5, 1]]]
reward: 0.4550, Epoch: 749, params: 2086369, epoch_time: 21.2817, genotype: [[4, [0, 1, 7, 4], [1, 4, 6, 7], [4, 1, 7, 3]], [[2, 3], [3, 2], [5, 4]]]
reward: 0.4849, Epoch: 167, params: 2170177, epoch_time: 19.0512, genotype: [[9, [0, 0, 9, 6], [3, 1, 8, 3], [7, 5, 2, 6]], [[2, 2], [2, 2], [5, 4]]]
reward: 0.4993, Epoch: 146, params: 2201281, epoch_time: 19.2926, genotype: [[3, [1, 1, 6, 0], [4, 1, 1, 7], [4, 3, 8, 4]], [[3, 2], [3, 4], [3, 2]]]
reward: 0.5047, Epoch: 822, params: 2035393, epoch_time: 18.0973, genotype: [[9, [1, 1, 4, 9], [1, 3, 0, 1], [4, 6, 7, 9]], [[2, 2], [2, 2], [3, 2]]]
reward: 0.5011, Epoch: 176, params: 2321377, epoch_time: 19.8615, genotype: [[5, [1, 1, 6, 8], [0, 4, 8, 2], [4, 6, 1, 8]], [[2, 3], [2, 2], [2, 2]]]
reward: 0.5912, Epoch: 224, params: 2052385, epoch_time: 24.6115, genotype: [[5, [1, 0, 2, 3], [2, 1, 4, 0], [2, 6, 10, 10]], [[1, 3], [4, 2], [5, 5]]]
reward: 0.6391, Epoch: 3334, params: 2004001, epoch_time: 11.8697, genotype: [[4, [1, 0, 9, 9], [1, 1, 9, 1], [7, 5, 9, 9]], [[3, 1], [2, 2], [3, 2]]]
reward: 0.6763, Epoch: 285, params: 2088673, epoch_time: 22.9851, genotype: [[6, [0, 1, 7, 7], [0, 3, 0, 7], [4, 5, 8, 4]], [[2, 3], [1, 3], [5, 3]]]
reward: 0.6839, Epoch: 3627, params: 1888801, epoch_time: 11.0803, genotype: [[10, [1, 0, 0, 0], [0, 0, 9, 9], [4, 1, 9, 9]], [[2, 1], [3, 4], [5, 2]]]
reward: 0.6905, Epoch: 3582, params: 2273281, epoch_time: 15.4546, genotype: [[8, [1, 0, 6, 6], [0, 3, 10, 4], [3, 5, 9, 6]], [[1, 3], [3, 1], [4, 3]]]
reward: 0.7208, Epoch: 328, params: 1977793, epoch_time: 11.9111, genotype: [[2, [0, 1, 8, 10], [4, 0, 2, 0], [7, 5, 8, 3]], [[1, 1], [1, 2], [2, 1]]]
reward: 0.7400, Epoch: 346, params: 2306977, epoch_time: 14.4050, genotype: [[6, [1, 1, 5, 5], [0, 2, 3, 0], [5, 6, 0, 2]], [[3, 1], [2, 1], [2, 2]]]
reward: 0.7488, Epoch: 3576, params: 2133889, epoch_time: 11.1181, genotype: [[1, [1, 0, 1, 3], [0, 2, 10, 9], [4, 0, 9, 9]], [[2, 1], [2, 3], [5, 3]]]
reward: 0.7613, Epoch: 2011, params: 2364577, epoch_time: 10.9261, genotype: [[1, [0, 0, 5, 1], [3, 2, 1, 10], [3, 5, 10, 9]], [[2, 3], [1, 2], [2, 2]]]
